![wpn_g28]
cam_return                               = 0
cam_relax_speed                          = 10
cam_dispersion                           = 0.556
cam_dispersion_frac                      = 1.0
cam_dispersion_inc                       = 0.0675
cam_max_angle                            = 50.0
cam_max_angle_horz                       = 50.0
cam_step_angle_horz                      = 0.9
zoom_cam_relax_speed                     = 10
zoom_cam_dispersion                      = 0.4
zoom_cam_dispersion_frac                 = 0.8
zoom_cam_dispersion_inc                  = 0.048
zoom_cam_max_angle                       = 50.0
zoom_cam_max_angle_horz                  = 50.0
zoom_cam_step_angle_horz                 = 0.85

![wpn_g28_hud]
fire_point                       = 0.016, 0.0852, 0.490497
hands_position                   = 0.004252, 0.01352, 0.024127
hands_position_16x9              = 0.004252, 0.01352, 0.024127
aim_hud_offset_pos_16x9		     = -0.078000,0.027700,-0.066525
aim_hud_offset_rot_16x9		     = 0.037250,0.043436,-0.055187
aim_hud_offset_alt_pos_16x9	     = -0.06900,-0.029600,-0.031525
aim_hud_offset_alt_rot_16x9	     = 0.012250,0.010936,-0.055187
